continuation,Node Path,V Score,H Score,G Score,F Score,Temperature,Max Tokens,Wrong Solution Flag
" 1. First, let's calculate the total cost of planting the lemon tree. The tree costs $90 to plant.
        2. Next, we need to determine the annual profit from selling lemons. Each year, the tree produces 7 lemons and sells them for $",Node0,4,9,4,13,0.22008115481174018,61,False
" 1. First, let's calculate the total cost of planting the lemon tree. The tree costs $90 to plant.
        2. Now, we need to determine how much Carlos earns each year from selling lemons. He grows 7 lemons per year and sells them for $1.5 each. So, he makes 7 * $1.5 = $10.5 from the lemons.
        3. We also need to account",Node1,2,8,2,10,0.2766574762919136,99,False
" 1. First, let's determine how much Carlos earns from selling the lemons annually. He grows 7 lemons each year and sells them for $1.5 each. So, he earns 7 * $1.5 = $10.5 per year.
        2. Now, let's consider the total cost of planting and maintaining the tree. The initial cost to plant is $90, and it costs $3 a year for watering and feeding. So, the total cost over the years is $90 + (",Node2,2,7,2,9,0.45266601564870956,118,False
" 1. First, let's calculate the annual income from selling the lemons. Carlos grows 7 lemons per year and sells them for $1.5 each. So, his annual income is 7 * $1.5 = $10.5.
        2. Now, we need to consider the cost of watering and feeding the tree. This",Node3,5,8,5,13,0.1872775811516324,77,False
" 1. Calculate the total cost of planting and annual maintenance: $90 (planting) + $3 (yearly cost) = $93 per year
        2. Calculate the profit each year after considering lemon sales: 7 lemons * $1.5/lemon = $10.5 income
        3. Subtract annual costs from annual income to find the net profit: $10.5",Node4,3,7,3,10,0.9561027630501653,91,False
" 1. First, let's calculate the total cost of planting the lemon tree. The tree costs $90 to plant.
        2. Next, we need to determine the annual income from selling lemons. Each year, the tree grows 7 lemons and sells them for $1.5 each. So, the annual income is 7 * $1.5 = $10.5 per lemon.",Node5,4,9,4,13,0.0805707869933251,89,False
" 1. First, let's determine how much Carlos earns from selling the lemons annually. He grows 7 lemons each year and sells them for $1.5 each. So, he earns 7 * $1.5 = $10.5 per year.
        2. Now, let's consider the total cost of planting and maintaining the tree. The initial cost to plant is $90, and it costs $3 a year for watering and feeding. So, the total cost over the years is $90 + ( 3. To find out when Carlos starts earning money, we need to compare his earnings with the total cost of planting and maintaining the tree. We will do this by adding up his annual earnings until they equal or exceed the total cost.
        4. Let's start calculating the years: In year 1, he earn",Node7,2,9,4,13,0.15676301241940405,68,False
" 1. First, let's determine how much Carlos earns from selling the lemons annually. He grows 7 lemons each year and sells them for $1.5 each. So, he earns 7 * $1.5 = $10.5 per year.
        2. Now, let's consider the total cost of planting and maintaining the tree. The initial cost to plant is $90, and it costs $3 a year for watering and feeding. So, the total cost over the years is $90 + ( 3. Next, we need to find out when Carlos starts earning money from the lemon tree. This happens when his earnings from selling lemons are equal to or greater than the annual cost of planting and maintaining the tree.
        4. To determine this point",Node8,2,9,4,13,0.07955266911043779,53,False
" 1. First, let's determine how much Carlos earns from selling the lemons annually. He grows 7 lemons each year and sells them for $1.5 each. So, he earns 7 * $1.5 = $10.5 per year.
        2. Now, let's consider the total cost of planting and maintaining the tree. The initial cost to plant is $90, and it costs $3 a year for watering and feeding. So, the total cost over the years is $90 + ( 3. To find out when Carlos starts earning money, we need to compare his earnings with the total cost of planting and maintaining the tree. We'll do this by calculating how many years it takes for his annual earnings to cover the initial cost ($90) and then continue covering the yearly maintenance costs ($3).
        4. Let's assume that Carlos starts earning money in a particular year, which we will call 'year 1'. In year 1, he earns $10.5 from selling lemons.",Node9,2,9,4,13,0.11537616127565475,112,False
" 1. First, let's determine how much Carlos earns from selling the lemons annually. He grows 7 lemons each year and sells them for $1.5 each. So, he earns 7 * $1.5 = $10.5 per year.
        2. Now, let's consider the total cost of planting and maintaining the tree. The initial cost to plant is $90, and it costs $3 a year for watering and feeding. So, the total cost over the years is $90 + ( 3. Let's also take into account the earnings from selling lemons. We know that the annual profit per year is $10.5 from selling lemons and there are no profits in the first year due to initial expenses. 
        Therefore,",Node10,2,9,4,13,0.7174952829616316,53,False
" 1. First, let's determine how much Carlos earns from selling the lemons annually. He grows 7 lemons each year and sells them for $1.5 each. So, he earns 7 * $1.5 = $10.5 per year.
        2. Now, let's consider the total cost of planting and maintaining the tree. The initial cost to plant is $90, and it costs $3 a year for watering and feeding. So, the total cost over the years is $90 + ( 3. To find out when Carlos starts earning money, we need to compare his annual earnings with the total cost of the tree. As long as he doesn't earn enough each year to cover all the expenses, he will keep losing money. Once his earnings exceed the total cost, he will start making a profit.",Node11,2,9,4,13,0.43089324326956957,64,False
" 1. First, let's determine how much Carlos earns from selling the lemons annually. He grows 7 lemons each year and sells them for $1.5 each. So, he earns 7 * $1.5 = $10.5 per year.
        2. Now, let's consider the total cost of planting and maintaining the tree. The initial cost to plant is $90, and it costs $3 a year for watering and feeding. So, the total cost over the years is $90 + ( 3. To find out when Carlos starts earning money, we need to compare his earnings with the total cost of the lemon tree. We'll do this by calculating how many years it takes for his annual earnings to cover the initial planting cost and maintenance costs.
        4. Let's assume that after a certain number of years (let's call it 'x'), Carlos starts earning money from the lemon tree. In these x years, he earns $10.5 per year. So, his total earnings in those",Node13,2,9,4,13,0.1018759831316225,110,False
" 1. First, let's calculate the total cost of planting the lemon tree. The tree costs $90 to plant.
        2. Now, we need to determine how much Carlos earns each year from selling lemons. He grows 7 lemons per year and sells them for $1.5 each. So, he makes 7 * $1.5 = $10.5 from the lemons.
        3. We also need to account 4. We also need to account for the annual maintenance cost of watering and feeding the tree which is $3 per year.
        5. To find out how many years it will take before Carlos starts earning money, we need to determine when his earnings from lemon sales are greater than or equal to the combined costs of planting the tree initially and maintaining it each year.

We can write down",Node14,2,3,4,7,0.776283364278189,82,False
" 1. First, let's calculate the total cost of planting the lemon tree. The tree costs $90 to plant.
        2. Now, we need to determine how much Carlos earns each year from selling lemons. He grows 7 lemons per year and sells them for $1.5 each. So, he makes 7 * $1.5 = $10.5 from the lemons.
        3. We also need to account 4. for the annual expenses of watering and feeding the tree. This costs him $3 per year.
        5. To find out when Carlos starts earning money, we'll have to compare his earnings from selling lemons with the total cost of",Node15,2,4,4,8,0.41915925326988845,52,False
" 1. First, let's calculate the total cost of planting the lemon tree. The tree costs $90 to plant.
        2. Now, we need to determine how much Carlos earns each year from selling lemons. He grows 7 lemons per year and sells them for $1.5 each. So, he makes 7 * $1.5 = $10.5 from the lemons.
        3. We also need to account 4. for the annual expenses of watering and feeding the tree, which amounts to $3 per year.
        5. To find out how many years it will take before Carlos starts earning money on the lemon tree, we'll compare his",Node16,2,4,4,8,0.5985037821469364,50,False
" 1. First, let's calculate the total cost of planting the lemon tree. The tree costs $90 to plant.
        2. Now, we need to determine how much Carlos earns each year from selling lemons. He grows 7 lemons per year and sells them for $1.5 each. So, he makes 7 * $1.5 = $10.5 from the lemons.
        3. We also need to account 3. We also need to account for the annual expenses of watering and feeding the tree which cost $3 per year.
        4. To calculate how long it takes before Carlos starts earning money, we will compare his earnings (from selling lemons",Node17,2,3,4,7,0.8955533410596549,51,False
" 1. First, let's calculate the total cost of planting the lemon tree. The tree costs $90 to plant.
        2. Now, we need to determine how much Carlos earns each year from selling lemons. He grows 7 lemons per year and sells them for $1.5 each. So, he makes 7 * $1.5 = $10.5 from the lemons.
        3. We also need to account 4. for the annual expenses of watering and feeding the tree. This costs him $3 per year.
        5. To find out when Carlos starts earning money, we need to compare his earnings with the total cost of planting the tree. The break-even point is",Node18,2,3,4,7,0.267011062006132,57,False
" 1. First, let's calculate the total cost of planting the lemon tree. The tree costs $90 to plant.
        2. Now, we need to determine how much Carlos earns each year from selling lemons. He grows 7 lemons per year and sells them for $1.5 each. So, he makes 7 * $1.5 = $10.5 from the lemons.
        3. We also need to account 4. for the cost of watering and feeding the tree every year. This costs $3 per year.
        5. To find out when Carlos starts earning, we need to compare the annual revenue (lemon sales minus tree maintenance) with the initial planting cost. Let's set up an equation: earnings in the first year = lemon sales - tree maintenance cost - planting cost",Node19,2,3,4,7,0.7749703147054023,83,False
" 1. First, let's calculate the total cost of planting the lemon tree. The tree costs $90 to plant.
        2. Now, we need to determine how much Carlos earns each year from selling lemons. He grows 7 lemons per year and sells them for $1.5 each. So, he makes 7 * $1.5 = $10.5 from the lemons.
        3. We also need to account 3. We also need to account for the cost of watering and feeding the lemon tree every year, which is $3 per year.
        4. To find out when Carlos starts earning money, we must compare his earnings with his expenses (planting cost + annual expenses). Initially, he will not earn any money",Node20,2,3,4,7,0.656933777197196,66,False
" 1. First, let's calculate the total cost of planting the lemon tree. The tree costs $90 to plant.
        2. Now, we need to determine how much Carlos earns each year from selling lemons. He grows 7 lemons per year and sells them for $1.5 each. So, he makes 7 * $1.5 = $10.5 from the lemons.
        3. We also need to account 4. We also need to account for the annual maintenance cost of watering and feeding the tree which is $3 per year.
        5. To find out how many years it will take before Carlos starts earning money, we need to determine when his earnings from lemon sales are greater than or equal to the combined costs of planting the tree initially and maintaining it each year.

We can write down 6. Earnings per year = (Profit from lemon sale) + (Money spent on maintenance). So, in this case: $10.5 + $3 = $13.5
        7. Now, to determine the number of",Node21,2,4,6,10,0.9550609672145226,54,False
" 1. First, let's calculate the total cost of planting the lemon tree. The tree costs $90 to plant.
        2. Now, we need to determine how much Carlos earns each year from selling lemons. He grows 7 lemons per year and sells them for $1.5 each. So, he makes 7 * $1.5 = $10.5 from the lemons.
        3. We also need to account 4. We also need to account for the annual maintenance cost of watering and feeding the tree which is $3 per year.
        5. To find out how many years it will take before Carlos starts earning money, we need to determine when his earnings from lemon sales are greater than or equal to the combined costs of planting the tree initially and maintaining it each year.

We can write down 6. Initial cost = $90
        7. Annual earnings = $10.5 (from selling lemons) + $3 (maintenance cost) = $13.5
        8. We need to find the number of years 'n' when the sum of n * annual earnings is equal or greater than the",Node22,2,4,6,10,0.32194067965863415,69,False
" 1. First, let's calculate the total cost of planting the lemon tree. The tree costs $90 to plant.
        2. Now, we need to determine how much Carlos earns each year from selling lemons. He grows 7 lemons per year and sells them for $1.5 each. So, he makes 7 * $1.5 = $10.5 from the lemons.
        3. We also need to account 4. We also need to account for the annual maintenance cost of watering and feeding the tree which is $3 per year.
        5. To find out how many years it will take before Carlos starts earning money, we need to determine when his earnings from lemon sales are greater than or equal to the combined costs of planting the tree initially and maintaining it each year.

We can write down 6. Earnings per year = (price per lemon * number of lemons) - annual maintenance cost
        7. First, we'll find out when Carlos starts breaking even, which is when his earnings are equal to all the costs. In this case, it will be 
          Earnings",Node23,2,4,6,10,0.8872867055381163,64,False
" 1. First, let's calculate the total cost of planting the lemon tree. The tree costs $90 to plant.
        2. Now, we need to determine how much Carlos earns each year from selling lemons. He grows 7 lemons per year and sells them for $1.5 each. So, he makes 7 * $1.5 = $10.5 from the lemons.
        3. We also need to account 4. We also need to account for the annual maintenance cost of watering and feeding the tree which is $3 per year.
        5. To find out how many years it will take before Carlos starts earning money, we need to determine when his earnings from lemon sales are greater than or equal to the combined costs of planting the tree initially and maintaining it each year.

We can write down 6. Initial cost = $90 (planting)
        7. Annual revenue = $10.5 (lemon sales)
        8. Annual maintenance cost = $3 (watering & feeding)

Now we need to find the break-even point, which is when earnings from lemon sales equal the total costs. To do this, we'll set up an equation:
        Earnings_from_lemons = Initial_cost + (Annual_maintenance_cost * Number_of_years)

        9. Re",Node24,2,5,6,11,0.44049547897731167,119,False
" 1. First, let's calculate the total cost of planting the lemon tree. The tree costs $90 to plant.
        2. Now, we need to determine how much Carlos earns each year from selling lemons. He grows 7 lemons per year and sells them for $1.5 each. So, he makes 7 * $1.5 = $10.5 from the lemons.
        3. We also need to account 4. We also need to account for the annual maintenance cost of watering and feeding the tree which is $3 per year.
        5. To find out how many years it will take before Carlos starts earning money, we need to determine when his earnings from lemon sales are greater than or equal to the combined costs of planting the tree initially and maintaining it each year.

We can write down 6. Initial cost (planting) + Annual maintenance cost = Earnings from selling lemons
        $90 + ($3 * Years) = $10.5 * Years",Node26,3,5,7,12,0.20176815745226684,41,False
" 1. First, let's calculate the total cost of planting the lemon tree. The tree costs $90 to plant.
        2. Now, we need to determine how much Carlos earns each year from selling lemons. He grows 7 lemons per year and sells them for $1.5 each. So, he makes 7 * $1.5 = $10.5 from the lemons.
        3. We also need to account 4. We also need to account for the annual maintenance cost of watering and feeding the tree which is $3 per year.
        5. To find out how many years it will take before Carlos starts earning money, we need to determine when his earnings from lemon sales are greater than or equal to the combined costs of planting the tree initially and maintaining it each year.

We can write down 6. Initial cost + (Annual maintenance * Years) >= Earnings per Year
        $90 + ($3 * Years) >= $10.5

        7. Now, we need to solve for 'Years' which represents the number of years it will take before Carlos starts earning money. Let's isolate 'Y",Node27,3,5,7,12,0.43949316884486145,73,False
" 1. First, let's calculate the total cost of planting the lemon tree. The tree costs $90 to plant.
        2. Now, we need to determine how much Carlos earns each year from selling lemons. He grows 7 lemons per year and sells them for $1.5 each. So, he makes 7 * $1.5 = $10.5 from the lemons.
        3. We also need to account 3. We also need to account for the annual expenses of watering and feeding the tree which cost $3 per year.
        4. To calculate how long it takes before Carlos starts earning money, we will compare his earnings (from selling lemons 5. and covering the costs) with the initial planting cost ($90). We need to find the number of years when the cumulative earnings from selling lemons and covering expenses are equal to or greater than the initial planting cost.
        6. Let's start by calculating Carlos' earnings for each year: $10.5 (from selling lemons) - $3 (watering/feeding costs) = $7.5 per year.
        7. Now, let's calculate how much",Node28,3,3,7,10,0.03782989235111944,109,False
" 1. First, let's calculate the total cost of planting the lemon tree. The tree costs $90 to plant.
        2. Now, we need to determine how much Carlos earns each year from selling lemons. He grows 7 lemons per year and sells them for $1.5 each. So, he makes 7 * $1.5 = $10.5 from the lemons.
        3. We also need to account 3. We also need to account for the annual expenses of watering and feeding the tree which cost $3 per year.
        4. To calculate how long it takes before Carlos starts earning money, we will compare his earnings (from selling lemons 5. and covering the costs) with the initial planting cost ($90). We can do this by adding up all his annual earnings from selling lemons and subtracting the yearly expenses for watering and feeding.
        6. Let's start calculating Carlos' earnings each year:
           - Year 1: $10.5 (from selling lemons) - $3 (watering/feeding cost) =",Node30,3,4,7,11,0.13654208518310762,92,False
" 1. First, let's calculate the total cost of planting the lemon tree. The tree costs $90 to plant.
        2. Now, we need to determine how much Carlos earns each year from selling lemons. He grows 7 lemons per year and sells them for $1.5 each. So, he makes 7 * $1.5 = $10.5 from the lemons.
        3. We also need to account 3. We also need to account for the annual expenses of watering and feeding the tree which cost $3 per year.
        4. To calculate how long it takes before Carlos starts earning money, we will compare his earnings (from selling lemons 5. and after covering expenses) with the initial investment ($90). We'll keep track of the cumulative earnings each year and subtract the annual cost from the planting cost.
        6. In the first year",Node31,3,7,7,14,0.4248476263865921,47,False
" 1. First, let's calculate the total cost of planting the lemon tree. The tree costs $90 to plant.
        2. Now, we need to determine how much Carlos earns each year from selling lemons. He grows 7 lemons per year and sells them for $1.5 each. So, he makes 7 * $1.5 = $10.5 from the lemons.
        3. We also need to account 3. We also need to account for the annual expenses of watering and feeding the tree which cost $3 per year.
        4. To calculate how long it takes before Carlos starts earning money, we will compare his earnings (from selling lemons 5. and covering the expenses) with the initial investment in the lemon tree. We can use this formula to find out how many years it will take: (Initial cost - Earnings per year + Expenses per year) / (Earnings per year - Expenses per year). In our case, it's: ($90 - $10.5 + $3) / ($10.5 - $3).
        6. Now let's calculate the",Node33,2,3,6,9,0.6691756296376499,100,False
" 1. First, let's calculate the total cost of planting the lemon tree. The tree costs $90 to plant.
        2. Now, we need to determine how much Carlos earns each year from selling lemons. He grows 7 lemons per year and sells them for $1.5 each. So, he makes 7 * $1.5 = $10.5 from the lemons.
        3. We also need to account 3. We also need to account for the cost of watering and feeding the lemon tree every year, which is $3 per year.
        4. To find out when Carlos starts earning money, we must compare his earnings with his expenses (planting cost + annual expenses). Initially, he will not earn any money 5. We can start calculating from the second year, as by this time he has already incurred planting costs and would have grown some lemons. In the second year, his total earnings =",Node49,1,9,5,14,0.791373634954824,42,False
" 1. First, let's calculate the total cost of planting the lemon tree. The tree costs $90 to plant.
        2. Now, we need to determine how much Carlos earns each year from selling lemons. He grows 7 lemons per year and sells them for $1.5 each. So, he makes 7 * $1.5 = $10.5 from the lemons.
        3. We also need to account 3. We also need to account for the cost of watering and feeding the lemon tree every year, which is $3 per year.
        4. To find out when Carlos starts earning money, we must compare his earnings with his expenses (planting cost + annual expenses). Initially, he will not earn any money 5. We can now calculate how many years it takes for the lemon tree to start generating a profit. Let's assume that after each year, he continues this process of planting, growing lemons, and watering/feeding the tree.
        6. To find out when",Node50,1,9,5,14,0.22770209797023055,59,False
" 1. First, let's calculate the total cost of planting the lemon tree. The tree costs $90 to plant.
        2. Now, we need to determine how much Carlos earns each year from selling lemons. He grows 7 lemons per year and sells them for $1.5 each. So, he makes 7 * $1.5 = $10.5 from the lemons.
        3. We also need to account 3. We also need to account for the cost of watering and feeding the lemon tree every year, which is $3 per year.
        4. To find out when Carlos starts earning money, we must compare his earnings with his expenses (planting cost + annual expenses). Initially, he will not earn any money 5. After planting, each year he will start to make a profit by subtracting the cost of watering and feeding from the total amount earned from selling lemons.
        6. To find out how many years it takes for him to start earning money, we must keep track of the difference between his earnings and expenses. We'll do this in a loop until he starts making a profit.
           a. Let's assume we are at year 1, so Carlos has spent $90 (planting cost) + $3",Node51,1,9,5,14,0.5993777021201856,113,False
" 1. First, let's calculate the total cost of planting the lemon tree. The tree costs $90 to plant.
        2. Now, we need to determine how much Carlos earns each year from selling lemons. He grows 7 lemons per year and sells them for $1.5 each. So, he makes 7 * $1.5 = $10.5 from the lemons.
        3. We also need to account 3. We also need to account for the cost of watering and feeding the lemon tree every year, which is $3 per year.
        4. To find out when Carlos starts earning money, we must compare his earnings with his expenses (planting cost + annual expenses). Initially, he will not earn any money 5. Each year, he will have a net income of $10.5 - $3 = $7.5 from the lemon tree.
        6. To determine when Carlos starts earning money, we need to find",Node52,1,9,5,14,0.11247396882487015,46,False
" 1. First, let's calculate the total cost of planting the lemon tree. The tree costs $90 to plant.
        2. Now, we need to determine how much Carlos earns each year from selling lemons. He grows 7 lemons per year and sells them for $1.5 each. So, he makes 7 * $1.5 = $10.5 from the lemons.
        3. We also need to account 3. We also need to account for the cost of watering and feeding the lemon tree every year, which is $3 per year.
        4. To find out when Carlos starts earning money, we must compare his earnings with his expenses (planting cost + annual expenses). Initially, he will not earn any money 5. Add up all his earnings for each year until he starts making a profit: $10.5 per year plus the initial planting cost of $90, and add the annual expense",Node53,2,9,6,15,0.6825153900131803,40,False
" 1. First, let's calculate the total cost of planting the lemon tree. The tree costs $90 to plant.
        2. Now, we need to determine how much Carlos earns each year from selling lemons. He grows 7 lemons per year and sells them for $1.5 each. So, he makes 7 * $1.5 = $10.5 from the lemons.
        3. We also need to account 3. We also need to account for the cost of watering and feeding the lemon tree every year, which is $3 per year.
        4. To find out when Carlos starts earning money, we must compare his earnings with his expenses (planting cost + annual expenses). Initially, he will not earn any money 5. So, let's set up an equation to track earnings: earnings from lemons = (7 * $1.5) - ($3 watering and feeding cost per year)",Node54,2,9,6,15,0.6928796514396448,40,False
" 1. First, let's calculate the total cost of planting the lemon tree. The tree costs $90 to plant.
        2. Now, we need to determine how much Carlos earns each year from selling lemons. He grows 7 lemons per year and sells them for $1.5 each. So, he makes 7 * $1.5 = $10.5 from the lemons.
        3. We also need to account 3. We also need to account for the cost of watering and feeding the lemon tree every year, which is $3 per year.
        4. To find out when Carlos starts earning money, we must compare his earnings with his expenses (planting cost + annual expenses). Initially, he will not earn any money 5. We can now calculate how many years it takes for the lemon tree to start generating a profit. Let's assume that after each year, he continues to plant and maintain the lemon tree.
        6. In the first year, Carlos spends $90 (planting cost) + $3 (watering/feeding) = $93 in total. He earns nothing from selling lemons because there are no lemons yet. So, he loses $93 - $10.5 = $82.5 in the first year.",Node55,3,9,7,16,0.004190575767226479,119,False
" 1. First, let's calculate the total cost of planting the lemon tree. The tree costs $90 to plant.
        2. Now, we need to determine how much Carlos earns each year from selling lemons. He grows 7 lemons per year and sells them for $1.5 each. So, he makes 7 * $1.5 = $10.5 from the lemons.
        3. We also need to account 4. for the annual expenses of watering and feeding the tree. This costs him $3 per year.
        5. To find out when Carlos starts earning money, we'll have to compare his earnings from selling lemons with the total cost of 6. planting the tree and the annual expenses. We can do this by adding up all the earnings he gets from selling lemons and subtracting the total cost and annual expenses.
        7. Let's calculate the earnings: $10.5 (from 7",Node56,2,4,6,10,0.22825420242164474,58,False
" 1. First, let's calculate the total cost of planting the lemon tree. The tree costs $90 to plant.
        2. Now, we need to determine how much Carlos earns each year from selling lemons. He grows 7 lemons per year and sells them for $1.5 each. So, he makes 7 * $1.5 = $10.5 from the lemons.
        3. We also need to account 4. for the annual expenses of watering and feeding the tree. This costs him $3 per year.
        5. To find out when Carlos starts earning money, we'll have to compare his earnings from selling lemons with the total cost of 6. planting the tree and the annual expenses. We can do this by adding all the earnings he makes each year from selling lemons and subtracting the total cost and annual expenses.
        7. Let's calculate the earnings for 10 years",Node58,2,7,6,13,0.31733656688201295,54,False
" 1. First, let's calculate the total cost of planting the lemon tree. The tree costs $90 to plant.
        2. Now, we need to determine how much Carlos earns each year from selling lemons. He grows 7 lemons per year and sells them for $1.5 each. So, he makes 7 * $1.5 = $10.5 from the lemons.
        3. We also need to account 4. for the annual expenses of watering and feeding the tree. This costs him $3 per year.
        5. To find out when Carlos starts earning money, we'll have to compare his earnings from selling lemons with the total cost of 6. planting the tree and the annual expenses. We can do this by creating a simple equation that represents the situation: (Earnings from selling lemons - Annual Expenses) >= Cost of planting the lemon tree.
        7. In our case, we'll have to check if ($10.5 - $3) >= $90 for each year until it holds true.
        a. For the first year, ($10.5 - $3",Node59,2,3,6,9,0.7533701539798512,100,False
" 1. First, let's calculate the total cost of planting the lemon tree. The tree costs $90 to plant.
        2. Now, we need to determine how much Carlos earns each year from selling lemons. He grows 7 lemons per year and sells them for $1.5 each. So, he makes 7 * $1.5 = $10.5 from the lemons.
        3. We also need to account 4. for the annual expenses of watering and feeding the tree. This costs him $3 per year.
        5. To find out when Carlos starts earning money, we'll have to compare his earnings from selling lemons with the total cost of 6. planting and maintaining the lemon tree. We do this by summing up the annual expenses over all the years. This will look like: $3 (Year 1) + $3 (Year 2) + ... = $3 * n where 'n' represents the number of",Node60,3,8,7,15,0.8982694561830966,60,False
" 1. First, let's calculate the total cost of planting the lemon tree. The tree costs $90 to plant.
        2. Now, we need to determine how much Carlos earns each year from selling lemons. He grows 7 lemons per year and sells them for $1.5 each. So, he makes 7 * $1.5 = $10.5 from the lemons.
        3. We also need to account 4. for the annual expenses of watering and feeding the tree. This costs him $3 per year.
        5. To find out when Carlos starts earning money, we'll have to compare his earnings from selling lemons with the total cost of 6. planting the tree and the expenses he has every year. We can do this by summing up his lemon-related earnings each year and see how long it takes for that sum to equal or exceed $90 (the planting cost).
        7. Let's keep a variable for Carlos' earnings from selling lemons, and call it 'earnings'. After the first year, his 'earnings' will be equal to $10.5. In the second year, this",Node61,2,4,6,10,0.9696311991171673,103,False
" 1. First, let's calculate the total cost of planting the lemon tree. The tree costs $90 to plant.
        2. Now, we need to determine how much Carlos earns each year from selling lemons. He grows 7 lemons per year and sells them for $1.5 each. So, he makes 7 * $1.5 = $10.5 from the lemons.
        3. We also need to account 4. for the annual expenses of watering and feeding the tree. This costs him $3 per year.
        5. To find out when Carlos starts earning money, we'll have to compare his earnings from selling lemons with the total cost of 6. planting and maintaining the lemon tree. We need to know how many years it takes for his earnings to be equal to or greater than the cumulative expenses.
        7. Let's calculate the cumulative",Node62,2,4,6,10,0.5933847954257926,45,False
" 1. First, let's calculate the total cost of planting the lemon tree. The tree costs $90 to plant.
        2. Now, we need to determine how much Carlos earns each year from selling lemons. He grows 7 lemons per year and sells them for $1.5 each. So, he makes 7 * $1.5 = $10.5 from the lemons.
        3. We also need to account 4. for the annual expenses of watering and feeding the tree, which amounts to $3 per year.
        5. To find out how many years it will take before Carlos starts earning money on the lemon tree, we'll compare his 6. earnings (from selling lemons) with his expenses (planting cost + annual expenses). We need the point when earnings are equal or greater than the total costs.
        Let's set up an equation to represent this: InitialCost + AnnualExpenses = EarningsEachYear * NumberOfYears + InitialCost
        Here, InitialCost is $90 (planting",Node63,2,6,6,12,0.6442717636666291,81,False
" 1. First, let's calculate the total cost of planting the lemon tree. The tree costs $90 to plant.
        2. Now, we need to determine how much Carlos earns each year from selling lemons. He grows 7 lemons per year and sells them for $1.5 each. So, he makes 7 * $1.5 = $10.5 from the lemons.
        3. We also need to account 4. for the annual expenses of watering and feeding the tree, which amounts to $3 per year.
        5. To find out how many years it will take before Carlos starts earning money on the lemon tree, we'll compare his 6. earnings from selling lemons and lemon profits with the expenses: ($10.5 - $3) vs $90 (planting cost). In other words, we want to determine when his yearly income covers the initial investment in the lemon tree.
        7. Now, let's perform some calculations",Node64,2,5,6,11,0.8496395078821873,66,False
" 1. First, let's calculate the total cost of planting the lemon tree. The tree costs $90 to plant.
        2. Now, we need to determine how much Carlos earns each year from selling lemons. He grows 7 lemons per year and sells them for $1.5 each. So, he makes 7 * $1.5 = $10.5 from the lemons.
        3. We also need to account 4. for the annual expenses of watering and feeding the tree, which amounts to $3 per year.
        5. To find out how many years it will take before Carlos starts earning money on the lemon tree, we'll compare his 6. earnings from selling lemons and covering the costs with the initial cost of planting the tree. We want the total amount earned from selling lemons to be greater than or equal to the planting cost.
        7. To do this, let's set up an equation: (Earnings from selling lemons + Earnings from covering annual",Node66,2,8,6,14,0.3448244048262533,74,False
" 1. First, let's calculate the total cost of planting the lemon tree. The tree costs $90 to plant.
        2. Now, we need to determine how much Carlos earns each year from selling lemons. He grows 7 lemons per year and sells them for $1.5 each. So, he makes 7 * $1.5 = $10.5 from the lemons.
        3. We also need to account 4. for the annual expenses of watering and feeding the tree, which amounts to $3 per year.
        5. To find out how many years it will take before Carlos starts earning money on the lemon tree, we'll compare his 6. earnings from selling lemons and the total cost of planting and maintaining the tree. When the difference between these two values becomes positive (meaning he earns more than the expenses), then he'll start making a profit.
        To calculate this, we can subtract the annual expenses ($3) from the money earned from selling lemons",Node67,1,8,5,13,0.512280220207582,72,False
" 1. First, let's calculate the total cost of planting the lemon tree. The tree costs $90 to plant.
        2. Now, we need to determine how much Carlos earns each year from selling lemons. He grows 7 lemons per year and sells them for $1.5 each. So, he makes 7 * $1.5 = $10.5 from the lemons.
        3. We also need to account 4. for the annual expenses of watering and feeding the tree, which amounts to $3 per year.
        5. To find out how many years it will take before Carlos starts earning money on the lemon tree, we'll compare his 6. earnings from selling lemons and covering the costs with the initial investment cost. We need to make sure that the cumulative earnings from selling lemons and covering annual expenses are greater than or equal to the $90 planting cost.
        7. Let's calculate the cumulative earnings over each year:
           a. Year 1: Earnings = $10.5 (from selling lemons) - $3 (watering/feeding costs) = $7.5
           b. Year 2: Earnings = $10",Node68,2,6,6,12,0.02802030094544028,119,False
" 1. First, let's calculate the total cost of planting the lemon tree. The tree costs $90 to plant.
        2. Now, we need to determine how much Carlos earns each year from selling lemons. He grows 7 lemons per year and sells them for $1.5 each. So, he makes 7 * $1.5 = $10.5 from the lemons.
        3. We also need to account 3. We also need to account for the annual expenses of watering and feeding the tree which cost $3 per year.
        4. To calculate how long it takes before Carlos starts earning money, we will compare his earnings (from selling lemons 5. and covering the expenses) with the initial investment in the lemon tree. We can use this formula to find out how many years it will take: (Initial cost - Earnings per year + Expenses per year) / (Earnings per year - Expenses per year). In our case, it's: ($90 - $10.5 + $3) / ($10.5 - $3).
        6. Now let's calculate the 7. The result is approximately 8 years. It will take Carlos around 8 years before he starts earning money on his lemon tree after considering all costs and earnings.",Node70,2,3,8,11,0.02072949395466328,107,False
" 1. First, let's calculate the total cost of planting the lemon tree. The tree costs $90 to plant.
        2. Now, we need to determine how much Carlos earns each year from selling lemons. He grows 7 lemons per year and sells them for $1.5 each. So, he makes 7 * $1.5 = $10.5 from the lemons.
        3. We also need to account 3. We also need to account for the annual expenses of watering and feeding the tree which cost $3 per year.
        4. To calculate how long it takes before Carlos starts earning money, we will compare his earnings (from selling lemons 5. and covering the expenses) with the initial investment in the lemon tree. We can use this formula to find out how many years it will take: (Initial cost - Earnings per year + Expenses per year) / (Earnings per year - Expenses per year). In our case, it's: ($90 - $10.5 + $3) / ($10.5 - $3).
        6. Now let's calculate the 7. ($86.5 + $3) / ($7.5) = 90 / 7.5 = 12 years.

So, it will take 12 years for Carlos to start earning money from his lemon tree.",Node71,1,3,7,10,0.887493766129555,64,False
" 1. First, let's calculate the total cost of planting the lemon tree. The tree costs $90 to plant.
        2. Now, we need to determine how much Carlos earns each year from selling lemons. He grows 7 lemons per year and sells them for $1.5 each. So, he makes 7 * $1.5 = $10.5 from the lemons.
        3. We also need to account 3. We also need to account for the annual expenses of watering and feeding the tree which cost $3 per year.
        4. To calculate how long it takes before Carlos starts earning money, we will compare his earnings (from selling lemons 5. and covering the expenses) with the initial investment in the lemon tree. We can use this formula to find out how many years it will take: (Initial cost - Earnings per year + Expenses per year) / (Earnings per year - Expenses per year). In our case, it's: ($90 - $10.5 + $3) / ($10.5 - $3).
        6. Now let's calculate the 7. ($90 - $10.5 + $3) is equal to $84. This means he needs an extra $84 before starting to earn money from this lemon tree.
         8. To find out how many years it will take, we divide the additional cost by his earnings minus expenses: $84 / ($10.5 - $3).
         9. The final calculation is ($8",Node72,2,2,8,10,0.7638377259860553,90,False
" 1. First, let's calculate the total cost of planting the lemon tree. The tree costs $90 to plant.
        2. Now, we need to determine how much Carlos earns each year from selling lemons. He grows 7 lemons per year and sells them for $1.5 each. So, he makes 7 * $1.5 = $10.5 from the lemons.
        3. We also need to account 3. We also need to account for the annual expenses of watering and feeding the tree which cost $3 per year.
        4. To calculate how long it takes before Carlos starts earning money, we will compare his earnings (from selling lemons 5. and covering the expenses) with the initial investment in the lemon tree. We can use this formula to find out how many years it will take: (Initial cost - Earnings per year + Expenses per year) / (Earnings per year - Expenses per year). In our case, it's: ($90 - $10.5 + $3) / ($10.5 - $3).
        6. Now let's calculate the 7. It takes 8 years before Carlos starts earning money on the lemon tree.",Node73,2,3,8,11,0.405850452611878,100,False
" 1. First, let's calculate the total cost of planting the lemon tree. The tree costs $90 to plant.
        2. Now, we need to determine how much Carlos earns each year from selling lemons. He grows 7 lemons per year and sells them for $1.5 each. So, he makes 7 * $1.5 = $10.5 from the lemons.
        3. We also need to account 3. We also need to account for the annual expenses of watering and feeding the tree which cost $3 per year.
        4. To calculate how long it takes before Carlos starts earning money, we will compare his earnings (from selling lemons 5. and covering the expenses) with the initial investment in the lemon tree. We can use this formula to find out how many years it will take: (Initial cost - Earnings per year + Expenses per year) / (Earnings per year - Expenses per year). In our case, it's: ($90 - $10.5 + $3) / ($10.5 - $3).
        6. Now let's calculate the 7. So, ($90 - $10.5 + $3) = $87, and ($10.5 - $3) equals $7.5. Plugging these values into our formula: $87 / $7.5 = 11.6 years",Node74,1,3,7,10,0.7554813652062932,62,False
" 1. First, let's calculate the total cost of planting the lemon tree. The tree costs $90 to plant.
        2. Now, we need to determine how much Carlos earns each year from selling lemons. He grows 7 lemons per year and sells them for $1.5 each. So, he makes 7 * $1.5 = $10.5 from the lemons.
        3. We also need to account 3. We also need to account for the annual expenses of watering and feeding the tree which cost $3 per year.
        4. To calculate how long it takes before Carlos starts earning money, we will compare his earnings (from selling lemons 5. and covering the expenses) with the initial investment in the lemon tree. We can use this formula to find out how many years it will take: (Initial cost - Earnings per year + Expenses per year) / (Earnings per year - Expenses per year). In our case, it's: ($90 - $10.5 + $3) / ($10.5 - $3).
        6. Now let's calculate the 7. ($86.5 / $7.5) = 11.4666...
        8. Rounding down to an entire year, it will take approximately 11 years before Carlos starts earning money from the lemon tree.",Node75,1,1,7,8,0.8257283708063269,77,False
" 1. First, let's calculate the total cost of planting the lemon tree. The tree costs $90 to plant.
        2. Now, we need to determine how much Carlos earns each year from selling lemons. He grows 7 lemons per year and sells them for $1.5 each. So, he makes 7 * $1.5 = $10.5 from the lemons.
        3. We also need to account 3. We also need to account for the annual expenses of watering and feeding the tree which cost $3 per year.
        4. To calculate how long it takes before Carlos starts earning money, we will compare his earnings (from selling lemons 5. and covering the expenses) with the initial investment in the lemon tree. We can use this formula to find out how many years it will take: (Initial cost - Earnings per year + Expenses per year) / (Earnings per year - Expenses per year). In our case, it's: ($90 - $10.5 + $3) / ($10.5 - $3).
        6. Now let's calculate the 7. ($90 - $10.5 + $3) = $84, which is the amount Carlos must cover from earnings every year to eventually break even (or start earning money).
        8. ($10.5 - $3) = $7.5 represents the remaining net profit he makes each year once expenses are covered.
        9. To find how many years it takes for him to reach this balance, we can divide the initial cost by the net profit:",Node76,1,1,7,8,0.7843377066439704,102,False
" 1. First, let's calculate the total cost of planting the lemon tree. The tree costs $90 to plant.
        2. Now, we need to determine how much Carlos earns each year from selling lemons. He grows 7 lemons per year and sells them for $1.5 each. So, he makes 7 * $1.5 = $10.5 from the lemons.
        3. We also need to account 3. We also need to account for the annual expenses of watering and feeding the tree which cost $3 per year.
        4. To calculate how long it takes before Carlos starts earning money, we will compare his earnings (from selling lemons 5. and covering the expenses) with the initial investment in the lemon tree. We can use this formula to find out how many years it will take: (Initial cost - Earnings per year + Expenses per year) / (Earnings per year - Expenses per year). In our case, it's: ($90 - $10.5 + $3) / ($10.5 - $3).
        6. Now let's calculate the 7. ($90 - $10.5 + $3) = $84, which is the amount Carlos must cover from earnings every year to eventually break even (or start earning money).
        8. ($10.5 - $3) = $7.5 represents the remaining net profit he makes each year once expenses are covered.
        9. To find how many years it takes for him to reach this balance, we can divide the initial cost by the net profit: 10. Years = ($84 / $7.5). In this case, it will take roughly 11.5 years before Carlos starts earning money on his lemon tree.",Node85,2,2,9,11,0.6299032399417085,112,False
" 1. First, let's calculate the total cost of planting the lemon tree. The tree costs $90 to plant.
        2. Now, we need to determine how much Carlos earns each year from selling lemons. He grows 7 lemons per year and sells them for $1.5 each. So, he makes 7 * $1.5 = $10.5 from the lemons.
        3. We also need to account 3. We also need to account for the annual expenses of watering and feeding the tree which cost $3 per year.
        4. To calculate how long it takes before Carlos starts earning money, we will compare his earnings (from selling lemons 5. and covering the expenses) with the initial investment in the lemon tree. We can use this formula to find out how many years it will take: (Initial cost - Earnings per year + Expenses per year) / (Earnings per year - Expenses per year). In our case, it's: ($90 - $10.5 + $3) / ($10.5 - $3).
        6. Now let's calculate the 7. ($90 - $10.5 + $3) = $84, which is the amount Carlos must cover from earnings every year to eventually break even (or start earning money).
        8. ($10.5 - $3) = $7.5 represents the remaining net profit he makes each year once expenses are covered.
        9. To find how many years it takes for him to reach this balance, we can divide the initial cost by the net profit: 10. ($84 / $7.5) ≈ 11.33. So, it will take approximately 11.33 years before Carlos starts earning money on his lemon tree.",Node86,2,2,9,11,0.22281434740439676,51,False
" 1. First, let's calculate the total cost of planting the lemon tree. The tree costs $90 to plant.
        2. Now, we need to determine how much Carlos earns each year from selling lemons. He grows 7 lemons per year and sells them for $1.5 each. So, he makes 7 * $1.5 = $10.5 from the lemons.
        3. We also need to account 3. We also need to account for the annual expenses of watering and feeding the tree which cost $3 per year.
        4. To calculate how long it takes before Carlos starts earning money, we will compare his earnings (from selling lemons 5. and covering the expenses) with the initial investment in the lemon tree. We can use this formula to find out how many years it will take: (Initial cost - Earnings per year + Expenses per year) / (Earnings per year - Expenses per year). In our case, it's: ($90 - $10.5 + $3) / ($10.5 - $3).
        6. Now let's calculate the 7. ($90 - $10.5 + $3) = $84, which is the amount Carlos must cover from earnings every year to eventually break even (or start earning money).
        8. ($10.5 - $3) = $7.5 represents the remaining net profit he makes each year once expenses are covered.
        9. To find how many years it takes for him to reach this balance, we can divide the initial cost by the net profit: 10. ($84 / $7.5) ≈ 11 years. It will take approximately 11 years before Carlos starts earning money on the lemon tree.",Node87,2,2,9,11,0.7063740040954846,80,False
" 1. First, let's calculate the total cost of planting the lemon tree. The tree costs $90 to plant.
        2. Now, we need to determine how much Carlos earns each year from selling lemons. He grows 7 lemons per year and sells them for $1.5 each. So, he makes 7 * $1.5 = $10.5 from the lemons.
        3. We also need to account 3. We also need to account for the annual expenses of watering and feeding the tree which cost $3 per year.
        4. To calculate how long it takes before Carlos starts earning money, we will compare his earnings (from selling lemons 5. and covering the expenses) with the initial investment in the lemon tree. We can use this formula to find out how many years it will take: (Initial cost - Earnings per year + Expenses per year) / (Earnings per year - Expenses per year). In our case, it's: ($90 - $10.5 + $3) / ($10.5 - $3).
        6. Now let's calculate the 7. ($90 - $10.5 + $3) = $84, which is the amount Carlos must cover from earnings every year to eventually break even (or start earning money).
        8. ($10.5 - $3) = $7.5 represents the remaining net profit he makes each year once expenses are covered.
        9. To find how many years it takes for him to reach this balance, we can divide the initial cost by the net profit: 10. ($84 / $7.5) ≈ 11.33 which is approximately 11 years and 3 months (since a year has 12 months).
        So, it will take around 11 years and 3 months before Carlos starts earning money from the lemon tree after accounting for all expenses.",Node89,1,1,8,9,0.37410218088419567,102,False
" 1. Calculate the total cost of planting and annual maintenance: $90 (planting) + $3 (yearly cost) = $93 per year
        2. Calculate the profit each year after considering lemon sales: 7 lemons * $1.5/lemon = $10.5 income
        3. Subtract annual costs from annual income to find the net profit: $10.5 4. Since we want to know when Carlos starts earning, set this as 0 (he is not earning yet) and compare it with the net profits each year.
        5. We need to determine the number of years needed for the cumulative net profit to be equal or greater than zero.
        6. To find the number of years, divide the total cost by the annual net profit: $93 / $10.5 ≈ 9 years
        So it will take around 9 years before Carlos starts earning money on the lemon tree.",Node109,1,3,4,7,0.5544141627887538,116,False
" 1. First, let's calculate the total cost of planting the lemon tree. The tree costs $90 to plant.
        2. Now, we need to determine how much Carlos earns each year from selling lemons. He grows 7 lemons per year and sells them for $1.5 each. So, he makes 7 * $1.5 = $10.5 from the lemons.
        3. We also need to account 4. We also need to account for the annual maintenance cost of watering and feeding the tree which is $3 per year.
        5. To find out how many years it will take before Carlos starts earning money, we need to determine when his earnings from lemon sales are greater than or equal to the combined costs of planting the tree initially and maintaining it each year.

We can write down 6. Earnings per year = (Profit from lemon sale) + (Money spent on maintenance). So, in this case: $10.5 + $3 = $13.5
        7. Now, to determine the number of 8. years until Carlos starts earning money, we can compare this sum with the initial cost of planting the tree ($90): if $13.5 > $90, then it will take less than 90/13.5 = 6.67 years to start making a profit. Since we cannot have a fraction of a year, we can round this up to 7 years before he starts earning money from his lemon tree.",Node125,2,3,8,11,0.6757163985192105,104,False
" 1. First, let's calculate the total cost of planting the lemon tree. The tree costs $90 to plant.
        2. Now, we need to determine how much Carlos earns each year from selling lemons. He grows 7 lemons per year and sells them for $1.5 each. So, he makes 7 * $1.5 = $10.5 from the lemons.
        3. We also need to account 3. We also need to account for the annual expenses of watering and feeding the tree which cost $3 per year.
        4. To calculate how long it takes before Carlos starts earning money, we will compare his earnings (from selling lemons 5. and covering the costs) with the initial planting cost ($90). We need to find the number of years when the cumulative earnings from selling lemons and covering expenses are equal to or greater than the initial planting cost.
        6. Let's start by calculating Carlos' earnings for each year: $10.5 (from selling lemons) - $3 (watering/feeding costs) = $7.5 per year.
        7. Now, let's calculate how much 8. To find out when he starts earning money, we need to determine the number of years it takes for his cumulative earnings to be equal or greater than the initial planting cost ($90). We can do this by adding up his annual earnings and comparing them with $90.",Node140,2,7,9,16,0.12838372235474604,59,False
" 1. First, let's calculate the total cost of planting the lemon tree. The tree costs $90 to plant.
        2. Now, we need to determine how much Carlos earns each year from selling lemons. He grows 7 lemons per year and sells them for $1.5 each. So, he makes 7 * $1.5 = $10.5 from the lemons.
        3. We also need to account 3. We also need to account for the annual expenses of watering and feeding the tree which cost $3 per year.
        4. To calculate how long it takes before Carlos starts earning money, we will compare his earnings (from selling lemons 5. and covering the costs) with the initial planting cost ($90). We need to find the number of years when the cumulative earnings from selling lemons and covering expenses are equal to or greater than the initial planting cost.
        6. Let's start by calculating Carlos' earnings for each year: $10.5 (from selling lemons) - $3 (watering/feeding costs) = $7.5 per year.
        7. Now, let's calculate how much 8. The first year will have no previous earnings, so the cumulative earnings are just the earnings from that year: $7.5 (from year 1). This is still less than the planting cost ($90), so after one year, Carlos isn't earning yet.
        9. We'll continue calculating cumulative earnings for each following year by adding the earnings from the next year to the cumulative total. For example:
           - After 2 years: $7.5",Node141,2,8,9,17,0.6742473271911116,105,False
" 1. First, let's calculate the total cost of planting the lemon tree. The tree costs $90 to plant.
        2. Now, we need to determine how much Carlos earns each year from selling lemons. He grows 7 lemons per year and sells them for $1.5 each. So, he makes 7 * $1.5 = $10.5 from the lemons.
        3. We also need to account 3. We also need to account for the annual expenses of watering and feeding the tree which cost $3 per year.
        4. To calculate how long it takes before Carlos starts earning money, we will compare his earnings (from selling lemons 5. and covering the costs) with the initial planting cost ($90). We need to find the number of years when the cumulative earnings from selling lemons and covering expenses are equal to or greater than the initial planting cost.
        6. Let's start by calculating Carlos' earnings for each year: $10.5 (from selling lemons) - $3 (watering/feeding costs) = $7.5 per year.
        7. Now, let's calculate how much 8. he earns over the first 2 years: ($7.5 * 2) + $10.5 (from selling lemons in the 3rd year). This equals to $15 + $10.5 = $25.5.
        9. Over the next 3 years, his cumulative earnings will be: $25.5 (from years 2 and",Node142,4,9,11,20,0.6763364584820158,87,False
" 1. First, let's calculate the total cost of planting the lemon tree. The tree costs $90 to plant.
        2. Now, we need to determine how much Carlos earns each year from selling lemons. He grows 7 lemons per year and sells them for $1.5 each. So, he makes 7 * $1.5 = $10.5 from the lemons.
        3. We also need to account 3. We also need to account for the annual expenses of watering and feeding the tree which cost $3 per year.
        4. To calculate how long it takes before Carlos starts earning money, we will compare his earnings (from selling lemons 5. and covering the costs) with the initial planting cost ($90). We need to find the number of years when the cumulative earnings from selling lemons and covering expenses are equal to or greater than the initial planting cost.
        6. Let's start by calculating Carlos' earnings for each year: $10.5 (from selling lemons) - $3 (watering/feeding costs) = $7.5 per year.
        7. Now, let's calculate how much 8. For example, if it takes 2 years to earn that amount, we would have 2 * $7.5 = $15 from selling lemons and covering expenses each year, which is still less than the initial planting cost of $90.
        9. We continue this process by incrementing the years and calculating the cumulative earnings until we reach or surpass the",Node143,2,8,9,17,0.8767126975037285,82,False
" 1. First, let's calculate the total cost of planting the lemon tree. The tree costs $90 to plant.
        2. Now, we need to determine how much Carlos earns each year from selling lemons. He grows 7 lemons per year and sells them for $1.5 each. So, he makes 7 * $1.5 = $10.5 from the lemons.
        3. We also need to account 3. We also need to account for the annual expenses of watering and feeding the tree which cost $3 per year.
        4. To calculate how long it takes before Carlos starts earning money, we will compare his earnings (from selling lemons 5. and covering the costs) with the initial planting cost ($90). We need to find the number of years when the cumulative earnings from selling lemons and covering expenses are equal to or greater than the initial planting cost.
        6. Let's start by calculating Carlos' earnings for each year: $10.5 (from selling lemons) - $3 (watering/feeding costs) = $7.5 per year.
        7. Now, let's calculate how much 8. To determine the number of years needed, we need to find when their cumulative earnings are equal or greater than the initial planting cost ($90). We can do this by summing up Carlos",Node144,2,7,9,16,0.46008409812622497,42,False
" 1. First, let's calculate the total cost of planting the lemon tree. The tree costs $90 to plant.
        2. Now, we need to determine how much Carlos earns each year from selling lemons. He grows 7 lemons per year and sells them for $1.5 each. So, he makes 7 * $1.5 = $10.5 from the lemons.
        3. We also need to account 3. We also need to account for the annual expenses of watering and feeding the tree which cost $3 per year.
        4. To calculate how long it takes before Carlos starts earning money, we will compare his earnings (from selling lemons 5. and covering the costs) with the initial planting cost ($90). We need to find the number of years when the cumulative earnings from selling lemons and covering expenses are equal to or greater than the initial planting cost.
        6. Let's start by calculating Carlos' earnings for each year: $10.5 (from selling lemons) - $3 (watering/feeding costs) = $7.5 per year.
        7. Now, let's calculate how much 8. To determine the number of years it takes, we will start subtracting this value from the initial cost ($90) each year and keep track of when it equals or surpasses zero. Let's initialize a counter for the years. If the counter is negative or zero, then it means Carlos starts earning money on the lemon tree",Node145,2,6,9,15,0.8235996898473351,71,False
" 1. First, let's calculate the total cost of planting the lemon tree. The tree costs $90 to plant.
        2. Now, we need to determine how much Carlos earns each year from selling lemons. He grows 7 lemons per year and sells them for $1.5 each. So, he makes 7 * $1.5 = $10.5 from the lemons.
        3. We also need to account 3. We also need to account for the annual expenses of watering and feeding the tree which cost $3 per year.
        4. To calculate how long it takes before Carlos starts earning money, we will compare his earnings (from selling lemons 5. and covering the costs) with the initial planting cost ($90). We need to find the number of years when the cumulative earnings from selling lemons and covering expenses are equal to or greater than the initial planting cost.
        6. Let's start by calculating Carlos' earnings for each year: $10.5 (from selling lemons) - $3 (watering/feeding costs) = $7.5 per year.
        7. Now, let's calculate how much 8. Next, we can sum these annual earnings over the years to see when they become equal to or greater than the initial planting cost of $90. We can do this by adding them up using the formula: Sum = (Amount per year) * (Number of years). So, for 1 year, it will be $7.5 * 1 = $7.5; for 2 years, it will be $7.5 *",Node146,2,7,9,16,0.6546636728456744,94,False
" 1. First, let's calculate the total cost of planting the lemon tree. The tree costs $90 to plant.
        2. Now, we need to determine how much Carlos earns each year from selling lemons. He grows 7 lemons per year and sells them for $1.5 each. So, he makes 7 * $1.5 = $10.5 from the lemons.
        3. We also need to account 4. for the annual expenses of watering and feeding the tree. This costs him $3 per year.
        5. To find out when Carlos starts earning money, we'll have to compare his earnings from selling lemons with the total cost of 6. planting the tree and the annual expenses. We can do this by adding up all the earnings he gets from selling lemons and subtracting the total cost and annual expenses.
        7. Let's calculate the earnings: $10.5 (from 7 8. lemons) * number of years = $10.5 * number of years
        9. Now we need to find out how many years it will take for his earnings to be equal or greater than the total cost of planting and annual expenses. We can do this by setting up an equation: $10.5 * number_of_years = $90 (planting cost) + $3 (annual expenses) * number_of_years",Node147,2,3,8,11,0.5065972122910063,100,False
" 1. First, let's calculate the total cost of planting the lemon tree. The tree costs $90 to plant.
        2. Now, we need to determine how much Carlos earns each year from selling lemons. He grows 7 lemons per year and sells them for $1.5 each. So, he makes 7 * $1.5 = $10.5 from the lemons.
        3. We also need to account 4. for the annual expenses of watering and feeding the tree. This costs him $3 per year.
        5. To find out when Carlos starts earning money, we'll have to compare his earnings from selling lemons with the total cost of 6. planting the tree and the annual expenses. We can do this by adding up all the earnings he gets from selling lemons and subtracting the total cost and annual expenses.
        7. Let's calculate the earnings: $10.5 (from 7 8. lemons) * number of years = $10.5 * x
        9. Now, let's add up all the costs: $90 (planting cost) + ($3 * x) (annual expenses) = $90 + $3x
        10. Finally, we can find",Node148,1,5,7,12,0.12872015329344644,69,False
" 1. First, let's calculate the total cost of planting the lemon tree. The tree costs $90 to plant.
        2. Now, we need to determine how much Carlos earns each year from selling lemons. He grows 7 lemons per year and sells them for $1.5 each. So, he makes 7 * $1.5 = $10.5 from the lemons.
        3. We also need to account 4. for the annual expenses of watering and feeding the tree. This costs him $3 per year.
        5. To find out when Carlos starts earning money, we'll have to compare his earnings from selling lemons with the total cost of 6. planting the tree and the annual expenses. We can do this by adding up all the earnings he gets from selling lemons and subtracting the total cost and annual expenses.
        7. Let's calculate the earnings: $10.5 (from 7 8. lemons) per year for the next n years. So, we get earnings = $10.5 * n years.
        9. Now, let's find out when Carlos starts earning money by equating the total expenses with earnings. The total expenses are $90 (planting cost) + 7 * $3 (annual expenses). We can write this as a sum of earnings over some number of years: $10.",Node152,3,8,9,17,0.7166093524162372,95,False
" 1. First, let's calculate the total cost of planting the lemon tree. The tree costs $90 to plant.
        2. Now, we need to determine how much Carlos earns each year from selling lemons. He grows 7 lemons per year and sells them for $1.5 each. So, he makes 7 * $1.5 = $10.5 from the lemons.
        3. We also need to account 4. for the annual expenses of watering and feeding the tree. This costs him $3 per year.
        5. To find out when Carlos starts earning money, we'll have to compare his earnings from selling lemons with the total cost of 6. planting the tree and the expenses he has every year. We can do this by summing up his lemon-related earnings each year and see how long it takes for that sum to equal or exceed $90 (the planting cost).
        7. Let's keep a variable for Carlos' earnings from selling lemons, and call it 'earnings'. After the first year, his 'earnings' will be equal to $10.5. In the second year, this 8. will increase by another $10.5 (since he grows 7 more lemons), so 'earnings' becomes $10.5 + $10.5 = $21.
        9. In the third year, his 'earnings' will be $21 + $10.5 = $31.5.
        Continuing this pattern, we can calculate his earnings for each subsequent year:
           Year 4: $31.5 + $10.5 = $42",Node154,5,6,11,17,0.007530072662089715,114,False
" 1. First, let's calculate the total cost of planting the lemon tree. The tree costs $90 to plant.
        2. Now, we need to determine how much Carlos earns each year from selling lemons. He grows 7 lemons per year and sells them for $1.5 each. So, he makes 7 * $1.5 = $10.5 from the lemons.
        3. We also need to account 4. for the annual expenses of watering and feeding the tree. This costs him $3 per year.
        5. To find out when Carlos starts earning money, we'll have to compare his earnings from selling lemons with the total cost of 6. planting the tree and the expenses he has every year. We can do this by summing up his lemon-related earnings each year and see how long it takes for that sum to equal or exceed $90 (the planting cost).
        7. Let's keep a variable for Carlos' earnings from selling lemons, and call it 'earnings'. After the first year, his 'earnings' will be equal to $10.5. In the second year, this 8. will increase to 10.5 + 10.5 = $21 (7 new lemons * $1.5 each). The third year, it becomes 21 + 10.5 = $31.5 (7 new lemons * $1.5 each), and so on.
        9. Keep track of his earnings over the years: Year 1 - $10.5, Year 2 - $21, Year 3 - $31",Node156,5,8,11,19,0.25579685636547567,107,False
" 1. First, let's calculate the total cost of planting the lemon tree. The tree costs $90 to plant.
        2. Now, we need to determine how much Carlos earns each year from selling lemons. He grows 7 lemons per year and sells them for $1.5 each. So, he makes 7 * $1.5 = $10.5 from the lemons.
        3. We also need to account 4. for the annual expenses of watering and feeding the tree. This costs him $3 per year.
        5. To find out when Carlos starts earning money, we'll have to compare his earnings from selling lemons with the total cost of 6. planting the tree and the expenses he has every year. We can do this by summing up his lemon-related earnings each year and see how long it takes for that sum to equal or exceed $90 (the planting cost).
        7. Let's keep a variable for Carlos' earnings from selling lemons, and call it 'earnings'. After the first year, his 'earnings' will be equal to $10.5. In the second year, this 8. continues to grow as he sells more lemons: 'earnings' = $10.5 + $10.5 = $21.
        9. Keep in mind that in years 3 and beyond, 'earnings' will still increase by selling an additional 7 lemons each year ($10.5 x 7 = $73.5 for the third year), but it won't quite",Node157,5,7,11,18,0.9518400442986693,91,False
" 1. First, let's calculate the total cost of planting the lemon tree. The tree costs $90 to plant.
        2. Now, we need to determine how much Carlos earns each year from selling lemons. He grows 7 lemons per year and sells them for $1.5 each. So, he makes 7 * $1.5 = $10.5 from the lemons.
        3. We also need to account 4. for the annual expenses of watering and feeding the tree. This costs him $3 per year.
        5. To find out when Carlos starts earning money, we'll have to compare his earnings from selling lemons with the total cost of 6. planting the tree and the expenses he has every year. We can do this by summing up his lemon-related earnings each year and see how long it takes for that sum to equal or exceed $90 (the planting cost).
        7. Let's keep a variable for Carlos' earnings from selling lemons, and call it 'earnings'. After the first year, his 'earnings' will be equal to $10.5. In the second year, this 8. 'earnings' will increase by another $10.5 (since he grows 7 more lemons), so now it becomes $10.5 + $10.5 = $21.
        9. In the third year, his 'earnings' will be $21 + $10.5 = $31.5.",Node158,5,8,11,19,0.2840040624641672,78,False
" 1. First, let's calculate the total cost of planting the lemon tree. The tree costs $90 to plant.
        2. Now, we need to determine how much Carlos earns each year from selling lemons. He grows 7 lemons per year and sells them for $1.5 each. So, he makes 7 * $1.5 = $10.5 from the lemons.
        3. We also need to account 4. for the annual expenses of watering and feeding the tree. This costs him $3 per year.
        5. To find out when Carlos starts earning money, we'll have to compare his earnings from selling lemons with the total cost of 6. planting the tree and the expenses he has every year. We can do this by summing up his lemon-related earnings each year and see how long it takes for that sum to equal or exceed $90 (the planting cost).
        7. Let's keep a variable for Carlos' earnings from selling lemons, and call it 'earnings'. After the first year, his 'earnings' will be equal to $10.5. In the second year, this 8. increases by another $10.5 (since he grows 7 more lemons), so at the end of two years, his total earnings would be $21 (1st year's earnings + 2nd year's earnings).
        9. Keep",Node159,4,8,10,18,0.5696868439751064,57,False
" 1. First, let's calculate the total cost of planting the lemon tree. The tree costs $90 to plant.
        2. Now, we need to determine how much Carlos earns each year from selling lemons. He grows 7 lemons per year and sells them for $1.5 each. So, he makes 7 * $1.5 = $10.5 from the lemons.
        3. We also need to account 4. for the annual expenses of watering and feeding the tree. This costs him $3 per year.
        5. To find out when Carlos starts earning money, we'll have to compare his earnings from selling lemons with the total cost of 6. planting the tree and the expenses he has every year. We can do this by summing up his lemon-related earnings each year and see how long it takes for that sum to equal or exceed $90 (the planting cost).
        7. Let's keep a variable for Carlos' earnings from selling lemons, and call it 'earnings'. After the first year, his 'earnings' will be equal to $10.5. In the second year, this 8. sum will increase by another $10.5 (from growing 7 more lemons and selling them at $1.5 each). This makes his total earnings after two years equal to $21 (first year's earnings",Node160,5,8,11,19,0.6677135670705933,49,False
" 1. First, let's calculate the total cost of planting the lemon tree. The tree costs $90 to plant.
        2. Now, we need to determine how much Carlos earns each year from selling lemons. He grows 7 lemons per year and sells them for $1.5 each. So, he makes 7 * $1.5 = $10.5 from the lemons.
        3. We also need to account 4. for the annual expenses of watering and feeding the tree. This costs him $3 per year.
        5. To find out when Carlos starts earning money, we'll have to compare his earnings from selling lemons with the total cost of 6. planting and maintaining the lemon tree. We need to know how many years it takes for his earnings to be equal to or greater than the cumulative expenses.
        7. Let's calculate the cumulative 8. First, we add the costs for planting ($90) and watering/feeding for one year ($3). This amounts to $90 + $3 = $93.
        9. Now, let's calculate how much Carlos earns in his second year from",Node161,2,8,8,16,0.8874294644049912,61,False
" 1. First, let's calculate the total cost of planting the lemon tree. The tree costs $90 to plant.
        2. Now, we need to determine how much Carlos earns each year from selling lemons. He grows 7 lemons per year and sells them for $1.5 each. So, he makes 7 * $1.5 = $10.5 from the lemons.
        3. We also need to account 4. for the annual expenses of watering and feeding the tree. This costs him $3 per year.
        5. To find out when Carlos starts earning money, we'll have to compare his earnings from selling lemons with the total cost of 6. planting and maintaining the lemon tree. We need to know how many years it takes for his earnings to be equal to or greater than the cumulative expenses.
        7. Let's calculate the cumulative 8. To do this, we can break it into two parts - the initial cost of planting the tree and the annual costs of maintenance. So, the total initial cost is $90, and each yearly cost adds up to $3.
        The cumulative expenses for the first year will be $90 + $3 = $93.
        9. For the second year, the cumulative expense will include",Node162,2,8,8,16,0.7907583075056701,89,False
" 1. First, let's calculate the total cost of planting the lemon tree. The tree costs $90 to plant.
        2. Now, we need to determine how much Carlos earns each year from selling lemons. He grows 7 lemons per year and sells them for $1.5 each. So, he makes 7 * $1.5 = $10.5 from the lemons.
        3. We also need to account 4. for the annual expenses of watering and feeding the tree. This costs him $3 per year.
        5. To find out when Carlos starts earning money, we'll have to compare his earnings from selling lemons with the total cost of 6. planting and maintaining the lemon tree. We need to know how many years it takes for his earnings to be equal to or greater than the cumulative expenses.
        7. Let's calculate the cumulative 8. The first year, Carlos will spend $90 on planting the tree (one-time expense) and $3 on maintenance. So, the total cost this year is $90 + $3 = $93. After selling 7 lemons for $10.5, he earned $10.5 - $3 (since he needs to spend money on watering and feeding). His net earnings",Node163,2,8,8,16,0.6669092388186949,87,False
" 1. First, let's calculate the total cost of planting the lemon tree. The tree costs $90 to plant.
        2. Now, we need to determine how much Carlos earns each year from selling lemons. He grows 7 lemons per year and sells them for $1.5 each. So, he makes 7 * $1.5 = $10.5 from the lemons.
        3. We also need to account 4. for the annual expenses of watering and feeding the tree. This costs him $3 per year.
        5. To find out when Carlos starts earning money, we'll have to compare his earnings from selling lemons with the total cost of 6. planting and maintaining the lemon tree. We need to know how many years it takes for his earnings to be equal to or greater than the cumulative expenses.
        7. Let's calculate the cumulative 8. expenses first: $90 (planting) + ($3 per year * number of years) + ($10.5 per year * number of years).
        9. Now, we can set up an equation to find the number of years when Carlos",Node164,2,8,8,16,0.23833142572483912,55,False
" 1. First, let's calculate the total cost of planting the lemon tree. The tree costs $90 to plant.
        2. Now, we need to determine how much Carlos earns each year from selling lemons. He grows 7 lemons per year and sells them for $1.5 each. So, he makes 7 * $1.5 = $10.5 from the lemons.
        3. We also need to account 4. for the annual expenses of watering and feeding the tree. This costs him $3 per year.
        5. To find out when Carlos starts earning money, we'll have to compare his earnings from selling lemons with the total cost of 6. planting and maintaining the lemon tree. We need to know how many years it takes for his earnings to be equal to or greater than the cumulative expenses.
        7. Let's calculate the cumulative 8. expenses first, which will include the initial planting cost ($90) and annual maintenance costs ($3 per year). So, total cumulative expenses = $90 + $3 * (years - 1) where years is the number of years we are calculating for.
        9. Now, let's find out when Carlos starts earning money by setting his earnings equal to the cumulative expenses. We can write this as: $10.5 * years = $90 + $3 * (years -",Node165,2,7,8,15,0.37539268900095224,112,False
" 1. First, let's calculate the total cost of planting the lemon tree. The tree costs $90 to plant.
        2. Now, we need to determine how much Carlos earns each year from selling lemons. He grows 7 lemons per year and sells them for $1.5 each. So, he makes 7 * $1.5 = $10.5 from the lemons.
        3. We also need to account 4. for the annual expenses of watering and feeding the tree. This costs him $3 per year.
        5. To find out when Carlos starts earning money, we'll have to compare his earnings from selling lemons with the total cost of 6. planting and maintaining the lemon tree. We need to know how many years it takes for his earnings to be equal to or greater than the cumulative expenses.
        7. Let's calculate the cumulative 8. expenses. In the first year, the total expense is $90 (planting) + $3 (water and feed) = $93.
        9. In the second year, the total expense is $105 ($93 from last year plus $3 for water and feed).",Node166,1,7,7,14,0.5886335260703138,66,False
" 1. First, let's calculate the total cost of planting the lemon tree. The tree costs $90 to plant.
        2. Now, we need to determine how much Carlos earns each year from selling lemons. He grows 7 lemons per year and sells them for $1.5 each. So, he makes 7 * $1.5 = $10.5 from the lemons.
        3. We also need to account 4. for the annual expenses of watering and feeding the tree. This costs him $3 per year.
        5. To find out when Carlos starts earning money, we'll have to compare his earnings from selling lemons with the total cost of 6. planting and maintaining the lemon tree. We need to know how many years it takes for his earnings to be equal to or greater than the cumulative expenses.
        7. Let's calculate the cumulative 8. For year 1, the expense is $3 for watering and feeding and there are no lemons sold, so the net cost is $3.
         8. For year 2, we add the earnings from selling the first batch of lemons ($10.5) to the total expenses, which now becomes $3 (year 1 costs) + $3 (watering and feeding year 2) + $10.5 (lemon sales from year 2).",Node167,2,8,8,16,0.9425589812363937,103,False
" 1. First, let's calculate the total cost of planting the lemon tree. The tree costs $90 to plant.
        2. Now, we need to determine how much Carlos earns each year from selling lemons. He grows 7 lemons per year and sells them for $1.5 each. So, he makes 7 * $1.5 = $10.5 from the lemons.
        3. We also need to account 3. We also need to account for the annual expenses of watering and feeding the tree which cost $3 per year.
        4. To calculate how long it takes before Carlos starts earning money, we will compare his earnings (from selling lemons 5. and covering the expenses) with the initial investment in the lemon tree. We can use this formula to find out how many years it will take: (Initial cost - Earnings per year + Expenses per year) / (Earnings per year - Expenses per year). In our case, it's: ($90 - $10.5 + $3) / ($10.5 - $3).
        6. Now let's calculate the 7. ($86.5 + $3) / ($7.5) = 90 / 7.5 = 12 years.

So, it will take 12 years for Carlos to start earning money from his lemon tree. 7. We should also remember that this is just an estimation and there are factors like lemon market fluctuations, health of the tree, etc., that may impact the actual timeline.",Node168,4,1,11,12,0.7736113273974623,55,False
" 1. First, let's calculate the total cost of planting the lemon tree. The tree costs $90 to plant.
        2. Now, we need to determine how much Carlos earns each year from selling lemons. He grows 7 lemons per year and sells them for $1.5 each. So, he makes 7 * $1.5 = $10.5 from the lemons.
        3. We also need to account 3. We also need to account for the annual expenses of watering and feeding the tree which cost $3 per year.
        4. To calculate how long it takes before Carlos starts earning money, we will compare his earnings (from selling lemons 5. and covering the expenses) with the initial investment in the lemon tree. We can use this formula to find out how many years it will take: (Initial cost - Earnings per year + Expenses per year) / (Earnings per year - Expenses per year). In our case, it's: ($90 - $10.5 + $3) / ($10.5 - $3).
        6. Now let's calculate the 7. ($86.5 + $3) / ($7.5) = 90 / 7.5 = 12 years.

So, it will take 12 years for Carlos to start earning money from his lemon tree. 8. Remember that this calculation assumes no other factors affecting the growth or profitability of the lemon tree.",Node169,4,1,11,12,0.039938985118049164,86,False
" 1. First, let's calculate the total cost of planting the lemon tree. The tree costs $90 to plant.
        2. Now, we need to determine how much Carlos earns each year from selling lemons. He grows 7 lemons per year and sells them for $1.5 each. So, he makes 7 * $1.5 = $10.5 from the lemons.
        3. We also need to account 3. We also need to account for the annual expenses of watering and feeding the tree which cost $3 per year.
        4. To calculate how long it takes before Carlos starts earning money, we will compare his earnings (from selling lemons 5. and covering the expenses) with the initial investment in the lemon tree. We can use this formula to find out how many years it will take: (Initial cost - Earnings per year + Expenses per year) / (Earnings per year - Expenses per year). In our case, it's: ($90 - $10.5 + $3) / ($10.5 - $3).
        6. Now let's calculate the 7. ($86.5 + $3) / ($7.5) = 90 / 7.5 = 12 years.

So, it will take 12 years for Carlos to start earning money from his lemon tree. 8. However, this is a simplified calculation because we have not considered factors such as potential increases or decreases in lemon prices, the growth rate of the lemon tree, maintenance expenses outside of water and feeding, or unexpected circumstances that might impact Carlos' earnings and expenses over time. A more accurate prediction would require taking into account these additional variables.",Node170,4,1,11,12,0.9011553896438625,70,False
" 1. First, let's calculate the total cost of planting the lemon tree. The tree costs $90 to plant.
        2. Now, we need to determine how much Carlos earns each year from selling lemons. He grows 7 lemons per year and sells them for $1.5 each. So, he makes 7 * $1.5 = $10.5 from the lemons.
        3. We also need to account 3. We also need to account for the annual expenses of watering and feeding the tree which cost $3 per year.
        4. To calculate how long it takes before Carlos starts earning money, we will compare his earnings (from selling lemons 5. and covering the expenses) with the initial investment in the lemon tree. We can use this formula to find out how many years it will take: (Initial cost - Earnings per year + Expenses per year) / (Earnings per year - Expenses per year). In our case, it's: ($90 - $10.5 + $3) / ($10.5 - $3).
        6. Now let's calculate the 7. ($86.5 + $3) / ($7.5) = 90 / 7.5 = 12 years.

So, it will take 12 years for Carlos to start earning money from his lemon tree. 8. However, we should keep in mind that this is an approximation and may not account for other factors like disease prevention or unexpected expenses. It's essential to monitor the progress of the tree over time",Node171,4,1,11,12,0.7163659258763017,41,False
" 1. First, let's calculate the total cost of planting the lemon tree. The tree costs $90 to plant.
        2. Now, we need to determine how much Carlos earns each year from selling lemons. He grows 7 lemons per year and sells them for $1.5 each. So, he makes 7 * $1.5 = $10.5 from the lemons.
        3. We also need to account 3. We also need to account for the annual expenses of watering and feeding the tree which cost $3 per year.
        4. To calculate how long it takes before Carlos starts earning money, we will compare his earnings (from selling lemons 5. and covering the expenses) with the initial investment in the lemon tree. We can use this formula to find out how many years it will take: (Initial cost - Earnings per year + Expenses per year) / (Earnings per year - Expenses per year). In our case, it's: ($90 - $10.5 + $3) / ($10.5 - $3).
        6. Now let's calculate the 7. ($86.5 + $3) / ($7.5) = 90 / 7.5 = 12 years.

So, it will take 12 years for Carlos to start earning money from his lemon tree. 8. Please note that this calculation is based on the given assumptions and does not consider potential fluctuations in the number of lemons grown or market prices.",Node172,4,1,11,12,0.6807634044745998,62,False
" 1. First, let's calculate the total cost of planting the lemon tree. The tree costs $90 to plant.
        2. Now, we need to determine how much Carlos earns each year from selling lemons. He grows 7 lemons per year and sells them for $1.5 each. So, he makes 7 * $1.5 = $10.5 from the lemons.
        3. We also need to account 3. We also need to account for the annual expenses of watering and feeding the tree which cost $3 per year.
        4. To calculate how long it takes before Carlos starts earning money, we will compare his earnings (from selling lemons 5. and covering the expenses) with the initial investment in the lemon tree. We can use this formula to find out how many years it will take: (Initial cost - Earnings per year + Expenses per year) / (Earnings per year - Expenses per year). In our case, it's: ($90 - $10.5 + $3) / ($10.5 - $3).
        6. Now let's calculate the 7. ($86.5 + $3) / ($7.5) = 90 / 7.5 = 12 years.

So, it will take 12 years for Carlos to start earning money from his lemon tree. 7. Remember that this calculation assumes no unexpected changes or expenses and the lemon production stays constant throughout the years.",Node173,4,1,11,12,0.8111419508863968,59,False
" 1. First, let's calculate the total cost of planting the lemon tree. The tree costs $90 to plant.
        2. Now, we need to determine how much Carlos earns each year from selling lemons. He grows 7 lemons per year and sells them for $1.5 each. So, he makes 7 * $1.5 = $10.5 from the lemons.
        3. We also need to account 3. We also need to account for the annual expenses of watering and feeding the tree which cost $3 per year.
        4. To calculate how long it takes before Carlos starts earning money, we will compare his earnings (from selling lemons 5. and covering the expenses) with the initial investment in the lemon tree. We can use this formula to find out how many years it will take: (Initial cost - Earnings per year + Expenses per year) / (Earnings per year - Expenses per year). In our case, it's: ($90 - $10.5 + $3) / ($10.5 - $3).
        6. Now let's calculate the 7. ($86.5 + $3) / ($7.5) = 90 / 7.5 = 12 years.

So, it will take 12 years for Carlos to start earning money from his lemon tree. 7. Keep in mind that this calculation only takes into account the mentioned expenses and earnings. The timeframe might vary based on additional factors like inflation or changes in market value.",Node174,4,1,11,12,0.8047890765965794,109,False
" 1. First, let's calculate the total cost of planting the lemon tree. The tree costs $90 to plant.
        2. Now, we need to determine how much Carlos earns each year from selling lemons. He grows 7 lemons per year and sells them for $1.5 each. So, he makes 7 * $1.5 = $10.5 from the lemons.
        3. We also need to account 3. We also need to account for the annual expenses of watering and feeding the tree which cost $3 per year.
        4. To calculate how long it takes before Carlos starts earning money, we will compare his earnings (from selling lemons 5. and covering the costs) with the initial planting cost ($90). We can do this by adding up all his annual earnings from selling lemons and subtracting the yearly expenses for watering and feeding.
        6. Let's start calculating Carlos' earnings each year:
           - Year 1: $10.5 (from selling lemons) - $3 (watering/feeding cost) = 7. Now, let's add up the earnings from all years before he starts earning money:
           - Up to Year 1: $10.5
           
           We will continue this pattern of adding up the earnings while subtracting expenses each year until the total sum covers the initial planting cost ($9",Node196,2,5,9,14,0.9185492499488608,67,False
" 1. First, let's calculate the total cost of planting the lemon tree. The tree costs $90 to plant.
        2. Now, we need to determine how much Carlos earns each year from selling lemons. He grows 7 lemons per year and sells them for $1.5 each. So, he makes 7 * $1.5 = $10.5 from the lemons.
        3. We also need to account 3. We also need to account for the annual expenses of watering and feeding the tree which cost $3 per year.
        4. To calculate how long it takes before Carlos starts earning money, we will compare his earnings (from selling lemons 5. and covering the costs) with the initial planting cost ($90). We can do this by adding up all his annual earnings from selling lemons and subtracting the yearly expenses for watering and feeding.
        6. Let's start calculating Carlos' earnings each year:
           - Year 1: $10.5 (from selling lemons) - $3 (watering/feeding cost) = 7. $7.5 is the net profit in Year 1.
        8. Continue calculating his earnings for additional years:
           - Year 2: $10.5 (from selling lemons) - $3 (watering/feeding cost) = $7.5
           - Year 3: $10.5 (from selling lemons) - $3 (watering/feeding cost) = $7.5
           - ... (same pattern repeats for all years)",Node197,1,4,8,12,0.6148429690295422,110,False
" 1. First, let's calculate the total cost of planting the lemon tree. The tree costs $90 to plant.
        2. Now, we need to determine how much Carlos earns each year from selling lemons. He grows 7 lemons per year and sells them for $1.5 each. So, he makes 7 * $1.5 = $10.5 from the lemons.
        3. We also need to account 3. We also need to account for the annual expenses of watering and feeding the tree which cost $3 per year.
        4. To calculate how long it takes before Carlos starts earning money, we will compare his earnings (from selling lemons 5. and covering the costs) with the initial planting cost ($90). We can do this by adding up all his annual earnings from selling lemons and subtracting the yearly expenses for watering and feeding.
        6. Let's start calculating Carlos' earnings each year:
           - Year 1: $10.5 (from selling lemons) - $3 (watering/feeding cost) = 7. Continue this process until the cumulative earnings from years 1 to n equal or exceed the initial planting cost ($90):
           - Year 2: $10.5 + $10.5 - $3 = $20 (from selling lemons) - $3 (watering/feeding cost) = $17",Node198,2,5,9,14,0.639212068043685,76,False
" 1. First, let's calculate the total cost of planting the lemon tree. The tree costs $90 to plant.
        2. Now, we need to determine how much Carlos earns each year from selling lemons. He grows 7 lemons per year and sells them for $1.5 each. So, he makes 7 * $1.5 = $10.5 from the lemons.
        3. We also need to account 3. We also need to account for the annual expenses of watering and feeding the tree which cost $3 per year.
        4. To calculate how long it takes before Carlos starts earning money, we will compare his earnings (from selling lemons 5. and covering the costs) with the initial planting cost ($90). We can do this by adding up all his annual earnings from selling lemons and subtracting the yearly expenses for watering and feeding.
        6. Let's start calculating Carlos' earnings each year:
           - Year 1: $10.5 (from selling lemons) - $3 (watering/feeding cost) = 7. Continue this process for the remaining years, adding up the earnings and subtracting expenses, until we reach a total amount equal to or greater than the planting cost ($90).
        Year 1: $10.5 - $3 = $7.5
        Year 2: $10.5 + $7.5 = $18 - $3 = $15
        Year 3: $18",Node199,3,6,10,16,0.7607324924689269,95,False
" 1. First, let's calculate the total cost of planting the lemon tree. The tree costs $90 to plant.
        2. Now, we need to determine how much Carlos earns each year from selling lemons. He grows 7 lemons per year and sells them for $1.5 each. So, he makes 7 * $1.5 = $10.5 from the lemons.
        3. We also need to account 3. We also need to account for the annual expenses of watering and feeding the tree which cost $3 per year.
        4. To calculate how long it takes before Carlos starts earning money, we will compare his earnings (from selling lemons 5. and covering the costs) with the initial planting cost ($90). We can do this by adding up all his annual earnings from selling lemons and subtracting the yearly expenses for watering and feeding.
        6. Let's start calculating Carlos' earnings each year:
           - Year 1: $10.5 (from selling lemons) - $3 (watering/feeding cost) = 7. Continue this process for all other years until his earnings surpass the planting costs of $90.
            - Year 2: $18.0 ($10.5 * 1 + $10.5) - $6 (2 * $3 watering/feeding cost) =
            - Year 3: $25.5 ($18.0 + $7.5) - $",Node201,3,7,10,17,0.8640981951718226,92,False
" 1. First, let's calculate the total cost of planting the lemon tree. The tree costs $90 to plant.
        2. Now, we need to determine how much Carlos earns each year from selling lemons. He grows 7 lemons per year and sells them for $1.5 each. So, he makes 7 * $1.5 = $10.5 from the lemons.
        3. We also need to account 3. We also need to account for the annual expenses of watering and feeding the tree which cost $3 per year.
        4. To calculate how long it takes before Carlos starts earning money, we will compare his earnings (from selling lemons 5. and covering the costs) with the initial planting cost ($90). We can do this by adding up all his annual earnings from selling lemons and subtracting the yearly expenses for watering and feeding.
        6. Let's start calculating Carlos' earnings each year:
           - Year 1: $10.5 (from selling lemons) - $3 (watering/feeding cost) = 7. Now, let's continue calculating this for the remaining years. For simplicity, we can assume his earnings and costs remain constant for all years, so we won't need to recalculate them",Node202,2,5,9,14,0.9120084184513191,43,False
" 1. First, let's calculate the total cost of planting the lemon tree. The tree costs $90 to plant.
        2. Now, we need to determine how much Carlos earns each year from selling lemons. He grows 7 lemons per year and sells them for $1.5 each. So, he makes 7 * $1.5 = $10.5 from the lemons.
        3. We also need to account 4. for the annual expenses of watering and feeding the tree, which amounts to $3 per year.
        5. To find out how many years it will take before Carlos starts earning money on the lemon tree, we'll compare his 6. earnings from selling lemons and lemon profits with the expenses: ($10.5 - $3) vs $90 (planting cost). In other words, we want to determine when his yearly income covers the initial investment in the lemon tree.
        7. Now, let's perform some calculations 8. In the first year, his earnings are $10.5, and the lemon profits are -$89.5 (planting cost - ($10.5 - $3)). He loses money in this year.
        9. After 2 years, his earnings are $21 (2 * $10.5) and lemon profits are -$",Node203,1,10,7,17,0.9862385025548903,79,False
" 1. First, let's calculate the total cost of planting the lemon tree. The tree costs $90 to plant.
        2. Now, we need to determine how much Carlos earns each year from selling lemons. He grows 7 lemons per year and sells them for $1.5 each. So, he makes 7 * $1.5 = $10.5 from the lemons.
        3. We also need to account 4. for the annual expenses of watering and feeding the tree, which amounts to $3 per year.
        5. To find out how many years it will take before Carlos starts earning money on the lemon tree, we'll compare his 6. earnings from selling lemons and lemon profits with the expenses: ($10.5 - $3) vs $90 (planting cost). In other words, we want to determine when his yearly income covers the initial investment in the lemon tree.
        7. Now, let's perform some calculations 8. First, subtract the annual expenses from the earnings: $10.5 - $3 = $7.5. This is the money Carlos earns after covering the watering and feeding costs.
        9. Next, we need to",Node204,1,5,7,12,0.28710407183327935,52,False
" 1. First, let's calculate the total cost of planting the lemon tree. The tree costs $90 to plant.
        2. Now, we need to determine how much Carlos earns each year from selling lemons. He grows 7 lemons per year and sells them for $1.5 each. So, he makes 7 * $1.5 = $10.5 from the lemons.
        3. We also need to account 4. for the annual expenses of watering and feeding the tree, which amounts to $3 per year.
        5. To find out how many years it will take before Carlos starts earning money on the lemon tree, we'll compare his 6. earnings from selling lemons and lemon profits with the expenses: ($10.5 - $3) vs $90 (planting cost). In other words, we want to determine when his yearly income covers the initial investment in the lemon tree.
        7. Now, let's perform some calculations 8. First, subtract the annual expenses from the earnings: $10.5 - $3 = $7.5. This is how much Carlos earns after covering the watering and feeding costs.
        9. Next, we need to find out when this amount equals the planting cost of $90. To do that,",Node206,1,5,7,12,0.03738530334002221,71,False
" 1. First, let's calculate the total cost of planting the lemon tree. The tree costs $90 to plant.
        2. Now, we need to determine how much Carlos earns each year from selling lemons. He grows 7 lemons per year and sells them for $1.5 each. So, he makes 7 * $1.5 = $10.5 from the lemons.
        3. We also need to account 4. for the annual expenses of watering and feeding the tree, which amounts to $3 per year.
        5. To find out how many years it will take before Carlos starts earning money on the lemon tree, we'll compare his 6. earnings from selling lemons and lemon profits with the expenses: ($10.5 - $3) vs $90 (planting cost). In other words, we want to determine when his yearly income covers the initial investment in the lemon tree.
        7. Now, let's perform some calculations 8. First, subtract the annual expenses from the earnings: $10.5 - $3 = $7.5. This is how much Carlos earns after covering the watering and feeding costs.
        9. Next, we need to find out when this amount equals the initial investment of $",Node207,1,10,7,17,0.15290772093356264,63,False
" 1. First, let's calculate the total cost of planting the lemon tree. The tree costs $90 to plant.
        2. Now, we need to determine how much Carlos earns each year from selling lemons. He grows 7 lemons per year and sells them for $1.5 each. So, he makes 7 * $1.5 = $10.5 from the lemons.
        3. We also need to account 4. for the annual expenses of watering and feeding the tree, which amounts to $3 per year.
        5. To find out how many years it will take before Carlos starts earning money on the lemon tree, we'll compare his 6. earnings from selling lemons and lemon profits with the expenses: ($10.5 - $3) vs $90 (planting cost). In other words, we want to determine when his yearly income covers the initial investment in the lemon tree.
        7. Now, let's perform some calculations 8. First, subtract the annual expenses from the earnings: $10.5 - $3 = $7.5 (Carlos earns $7.5 more than what he spends on watering and feeding each year",Node209,1,5,7,12,0.44369227183075355,49,False
" 1. First, let's calculate the total cost of planting the lemon tree. The tree costs $90 to plant.
        2. Now, we need to determine how much Carlos earns each year from selling lemons. He grows 7 lemons per year and sells them for $1.5 each. So, he makes 7 * $1.5 = $10.5 from the lemons.
        3. We also need to account 4. for the annual expenses of watering and feeding the tree. This costs him $3 per year.
        5. To find out when Carlos starts earning money, we'll have to compare his earnings from selling lemons with the total cost of 6. planting the tree and the annual expenses. We can do this by adding up all the earnings he gets from selling lemons and subtracting the total cost and annual expenses.
        7. Let's calculate the earnings: $10.5 (from 7 8. lemons) * number of years = $10.5 * number of years
        9. Now we need to find out how many years it will take for his earnings to be equal or greater than the total cost of planting and annual expenses. We can do this by setting up an equation: $10.5 * number_of_years = $90 (planting cost) + $3 (annual expenses) * number_of_years 10. Simplify the equation: $10.5 * number_of_years - $3 * number_of_years = $90
        11. Subtract $3 from both sides of the equation: $7 * number_of_years = $90
        12. Divide by 7 on both sides",Node252,3,3,11,14,0.8993182373009487,77,False
" 1. First, let's calculate the total cost of planting the lemon tree. The tree costs $90 to plant.
        2. Now, we need to determine how much Carlos earns each year from selling lemons. He grows 7 lemons per year and sells them for $1.5 each. So, he makes 7 * $1.5 = $10.5 from the lemons.
        3. We also need to account 4. for the annual expenses of watering and feeding the tree. This costs him $3 per year.
        5. To find out when Carlos starts earning money, we'll have to compare his earnings from selling lemons with the total cost of 6. planting the tree and the annual expenses. We can do this by adding up all the earnings he gets from selling lemons and subtracting the total cost and annual expenses.
        7. Let's calculate the earnings: $10.5 (from 7 8. lemons) * number of years = $10.5 * number of years
        9. Now we need to find out how many years it will take for his earnings to be equal or greater than the total cost of planting and annual expenses. We can do this by setting up an equation: $10.5 * number_of_years = $90 (planting cost) + $3 (annual expenses) * number_of_years 10. Solve for the number of years: number_of_years = ($90 + $3 * number_of_years) / $10.5
        11. Simplify and solve for the number of years: number_of_years = 20.18
        12. Rounding",Node253,3,3,11,14,0.3537461504115371,74,False
" 1. First, let's calculate the total cost of planting the lemon tree. The tree costs $90 to plant.
        2. Now, we need to determine how much Carlos earns each year from selling lemons. He grows 7 lemons per year and sells them for $1.5 each. So, he makes 7 * $1.5 = $10.5 from the lemons.
        3. We also need to account 4. for the annual expenses of watering and feeding the tree. This costs him $3 per year.
        5. To find out when Carlos starts earning money, we'll have to compare his earnings from selling lemons with the total cost of 6. planting the tree and the annual expenses. We can do this by adding up all the earnings he gets from selling lemons and subtracting the total cost and annual expenses.
        7. Let's calculate the earnings: $10.5 (from 7 8. lemons) * number of years = $10.5 * number of years
        9. Now we need to find out how many years it will take for his earnings to be equal or greater than the total cost of planting and annual expenses. We can do this by setting up an equation: $10.5 * number_of_years = $90 (planting cost) + $3 (annual expenses) * number_of_years 11. Solve for the unknown variable, which is the number of years: number_of_years = ($90 + $3 * number_of_years) / $10.5
        12. Simplify the equation by factoring out the common term in the denominator:",Node254,3,3,11,14,0.6371908053836285,66,False
" 1. First, let's calculate the total cost of planting the lemon tree. The tree costs $90 to plant.
        2. Now, we need to determine how much Carlos earns each year from selling lemons. He grows 7 lemons per year and sells them for $1.5 each. So, he makes 7 * $1.5 = $10.5 from the lemons.
        3. We also need to account 4. for the annual expenses of watering and feeding the tree. This costs him $3 per year.
        5. To find out when Carlos starts earning money, we'll have to compare his earnings from selling lemons with the total cost of 6. planting the tree and the annual expenses. We can do this by adding up all the earnings he gets from selling lemons and subtracting the total cost and annual expenses.
        7. Let's calculate the earnings: $10.5 (from 7 8. lemons) * number of years = $10.5 * number of years
        9. Now we need to find out how many years it will take for his earnings to be equal or greater than the total cost of planting and annual expenses. We can do this by setting up an equation: $10.5 * number_of_years = $90 (planting cost) + $3 (annual expenses) * number_of_years 11. Solving for the number of years, we get: number_of_years = ($90 + $3 * number_of_years) / $10.5
        12",Node255,3,3,11,14,0.5023449587317133,45,False
" 1. First, let's calculate the total cost of planting the lemon tree. The tree costs $90 to plant.
        2. Now, we need to determine how much Carlos earns each year from selling lemons. He grows 7 lemons per year and sells them for $1.5 each. So, he makes 7 * $1.5 = $10.5 from the lemons.
        3. We also need to account 4. for the annual expenses of watering and feeding the tree. This costs him $3 per year.
        5. To find out when Carlos starts earning money, we'll have to compare his earnings from selling lemons with the total cost of 6. planting the tree and the annual expenses. We can do this by adding up all the earnings he gets from selling lemons and subtracting the total cost and annual expenses.
        7. Let's calculate the earnings: $10.5 (from 7 8. lemons) * number of years = $10.5 * number of years
        9. Now we need to find out how many years it will take for his earnings to be equal or greater than the total cost of planting and annual expenses. We can do this by setting up an equation: $10.5 * number_of_years = $90 (planting cost) + $3 (annual expenses) * number_of_years 10. To solve for the number of years, we need to divide both sides of the equation by $10.5: number_of_years = ($90 + $3 * number_of_years) / $10.5
        11. Now, let's simplify the equation and solve for the unknown variable (number_of_years): number_of_years = ($90 + $3 * number_of_years - $90) / $10.5 =>",Node256,3,3,11,14,0.5818483791407789,114,False
" 1. First, let's calculate the total cost of planting the lemon tree. The tree costs $90 to plant.
        2. Now, we need to determine how much Carlos earns each year from selling lemons. He grows 7 lemons per year and sells them for $1.5 each. So, he makes 7 * $1.5 = $10.5 from the lemons.
        3. We also need to account 4. for the annual expenses of watering and feeding the tree. This costs him $3 per year.
        5. To find out when Carlos starts earning money, we'll have to compare his earnings from selling lemons with the total cost of 6. planting the tree and the annual expenses. We can do this by adding up all the earnings he gets from selling lemons and subtracting the total cost and annual expenses.
        7. Let's calculate the earnings: $10.5 (from 7 8. lemons) * number of years = $10.5 * number of years
        9. Now we need to find out how many years it will take for his earnings to be equal or greater than the total cost of planting and annual expenses. We can do this by setting up an equation: $10.5 * number_of_years = $90 (planting cost) + $3 (annual expenses) * number_of_years 10. Solving for the number of years, we get: number_of_years = ($90 + $3 * number_of_years) / $10.5
        11. To find the exact value, we can use a calculator or solve this equation algebraically (which may involve trial and error). After doing so, it takes approximately 1",Node257,4,4,12,16,0.4125041017251756,81,False
" 1. First, let's calculate the total cost of planting the lemon tree. The tree costs $90 to plant.
        2. Now, we need to determine how much Carlos earns each year from selling lemons. He grows 7 lemons per year and sells them for $1.5 each. So, he makes 7 * $1.5 = $10.5 from the lemons.
        3. We also need to account 4. for the annual expenses of watering and feeding the tree. This costs him $3 per year.
        5. To find out when Carlos starts earning money, we'll have to compare his earnings from selling lemons with the total cost of 6. planting the tree and the annual expenses. We can do this by adding up all the earnings he gets from selling lemons and subtracting the total cost and annual expenses.
        7. Let's calculate the earnings: $10.5 (from 7 8. lemons) * number of years = $10.5 * number of years
        9. Now we need to find out how many years it will take for his earnings to be equal or greater than the total cost of planting and annual expenses. We can do this by setting up an equation: $10.5 * number_of_years = $90 (planting cost) + $3 (annual expenses) * number_of_years 10. Solve for the number of years: number_of_years = ($10.5 * number_of_years - $3 * number_of_years - $90) / $10.",Node258,3,3,11,14,0.9806549942426199,50,False
" 1. First, let's calculate the total cost of planting the lemon tree. The tree costs $90 to plant.
        2. Now, we need to determine how much Carlos earns each year from selling lemons. He grows 7 lemons per year and sells them for $1.5 each. So, he makes 7 * $1.5 = $10.5 from the lemons.
        3. We also need to account 4. We also need to account for the annual maintenance cost of watering and feeding the tree which is $3 per year.
        5. To find out how many years it will take before Carlos starts earning money, we need to determine when his earnings from lemon sales are greater than or equal to the combined costs of planting the tree initially and maintaining it each year.

We can write down 6. Initial cost (planting) + Annual maintenance cost = Earnings from selling lemons
        $90 + ($3 * Years) = $10.5 * Years 90 + 3Years = 10.5Years

7. Now, we can solve for the number of years it will take to start earning money:
        (90 - 10.5) / 3 = Years
        80 / 3 = Years
        Years = 26.67 (approximately)
        It will approximately take 27 years before Carlos starts earning money on the lemon tree.",Node261,2,2,9,11,0.5527270746138516,115,False
" 1. First, let's calculate the total cost of planting the lemon tree. The tree costs $90 to plant.
        2. Now, we need to determine how much Carlos earns each year from selling lemons. He grows 7 lemons per year and sells them for $1.5 each. So, he makes 7 * $1.5 = $10.5 from the lemons.
        3. We also need to account 4. We also need to account for the annual maintenance cost of watering and feeding the tree which is $3 per year.
        5. To find out how many years it will take before Carlos starts earning money, we need to determine when his earnings from lemon sales are greater than or equal to the combined costs of planting the tree initially and maintaining it each year.

We can write down 6. Initial cost (planting) + Annual maintenance cost = Earnings from selling lemons
        $90 + ($3 * Years) = $10.5 * Years 90 + 3Years = 10.5Years * 7
        3Years = 70.5Years - 90
        Y = 21 years

It will take",Node265,0,0,7,7,0.836942506526527,48,False
